route_pattern_id,route_id,direction_id,route_pattern_typicality
1_1071,1,0,0
1_1072,1,1,0
2_166,2,0,0
2_174,2,1,0
2_236,2,1,0
2_237,2,0,0
2_238,2,1,0
2_239,2,0,0
4_24,4,1,0
4_25,4,0,0
5_1762,5,1,0
5_1763,5,0,0
10_1,10,0,1
10_2,10,1,1
11_1,11,0,1
11_4,11,0,0
11_5,11,1,1
11_6,11,1,0
12_1,12,1,1
12_2,12,0,1
13_1,13,1,1
13_2,13,0,1
14_1,14,0,1
14_2,14,1,1
16_1,16,1,1
16_3,16,0,1
17_1,17,1,1
17_2,17,0,1
17_3,17,1,0
18_1,18,0,1
18_2,18,1,1
18_3,18,0,0
19_1,19,0,1
19_2,19,1,1
19_3,19,0,0
19_4,19,1,0
22_1,22,1,1
22_2,22,0,1
24_1,24,1,1
24_2,24,0,1
24_3,24,0,0
24_4,24,1,0
25_1,25,1,1
25_2,25,0,1
26_1,26,1,0
26_2,26,1,1
26_3,26,0,1
27_1,27,0,1
27_2,27,1,1
28_1,28,1,1
28_2,28,0,1
28_3,28,0,0
28_4,28,1,0
28_5,28,1,0
29_1,29,1,1
29_2,29,0,0
29_3,29,0,1
30_3,30,1,1
30_4,30,0,1
31_1,31,0,1
31_2,31,1,1
32_3,32,0,1
32_4,32,1,1
33_1,33,0,1
33_2,33,1,1
33_3,33,0,0
33_4,33,1,0
33_5,33,0,0
34_1,34,1,1
34_2,34,0,1
35_22,35,1,1
35_23,35,0,1
36_6,36,0,1
36_7,36,1,0
36_8,36,1,1
36_16,36,1,0
36_19,36,1,0
37_1,37,0,1
37_2,37,1,1
38_10,38,1,1
38_12,38,0,1
39_1,39,0,1
39_2,39,1,1
40_1,40,0,1
40_2,40,1,1
40_3,40,0,0
40_4,40,1,0
41_1,41,0,1
41_2,41,1,1
41_3,41,1,0
43_1,43,1,1
43_2,43,0,1
44_1,44,1,1
44_2,44,0,1
44_3,44,0,0
45_2,45,0,0
45_3,45,0,1
45_4,45,1,1
46_2,46,0,1
46_3,46,1,1
47_1,47,0,1
47_2,47,1,1
48_7,48,1,1
48_8,48,0,1
48_9,48,1,0
48_10,48,0,0
49_8,49,0,1
49_9,49,1,1
49_10,49,0,0
49_11,49,1,0
49_12,49,1,0
49_13,49,1,0
50_10,50,0,1
50_11,50,1,1
51_1,51,0,1
51_2,51,1,1
51_3,51,1,0
51_4,51,0,0
52_1,52,0,0
52_2,52,1,0
52_3,52,0,1
52_4,52,1,1
54_1,54,1,0
54_2,54,0,1
54_3,54,1,1
54_4,54,0,0
55_1,55,1,1
55_2,55,0,1
56_1,56,0,1
56_32,56,1,1
57_1,57,1,1
57_2,57,0,1
61_2,61,1,0
61_3,61,0,0
61_5,61,0,1
61_6,61,1,1
63_1,63,1,1
63_2,63,0,1
64_1,64,1,1
64_2,64,0,1
66_1,66,1,0
66_2,66,0,0
66_3,66,0,1
66_4,66,1,1
67_1,67,1,1
67_2,67,0,1
68_1,68,0,0
68_2,68,1,0
68_3,68,0,0
68_6,68,1,0
68_7,68,0,1
68_8,68,1,1
69_4,69,1,1
69_5,69,0,1
69_6,69,1,0
70_1,70,0,1
70_2,70,1,1
70_3,70,0,0
70_4,70,1,0
71_1,71,0,1
71_2,71,1,1
72_1,72,1,1
72_2,72,0,0
72_3,72,0,1
72_4,72,0,0
72_5,72,1,0
73_1,73,0,1
73_2,73,1,1
74_1,74,1,1
74_2,74,0,1
74_3,74,1,0
80_1,80,0,1
80_2,80,1,1
80_3,80,1,0
81_22,81,0,1
81_23,81,1,1
85_1,85,0,1
85_2,85,1,1
86_2,86,0,1
86_3,86,1,1
90_1,90,0,1
90_3,90,0,0
90_4,90,1,1
92_1,92,0,1
92_2,92,1,1
93_1,93,1,0
93_2,93,0,1
93_3,93,1,1
94_1,94,1,1
94_2,94,0,1
95_1,95,1,1
95_2,95,0,1
97_1,97,1,1
97_3,97,1,0
97_4,97,0,1
99_1,99,0,1
99_2,99,1,1
100_1,100,1,1
100_2,100,0,1
100_3,100,1,0
101_2,101,1,1
101_4,101,0,1
102_1,102,0,1
102_2,102,1,1
103_1,103,0,1
103_2,103,1,1
104_2,104,0,1
104_4,104,1,1
104_12,104,1,0
105_1,105,1,1
105_2,105,0,1
105_3,105,0,0
106_1,106,1,1
106_2,106,0,1
107_1,107,0,1
107_2,107,1,1
108_1,108,0,1
108_2,108,1,1
110_1,110,0,1
110_3,110,1,1
112_1,112,0,1
112_2,112,1,1
113_1,113,1,1
113_2,113,0,1
114_11,114,0,1
114_12,114,1,1
115_1,115,0,1
115_2,115,1,0
115_3,115,1,1
115_4,115,0,0
117_1,117,0,1
117_2,117,1,1
119_1,119,0,1
119_2,119,1,1
121_1,121,0,1
121_2,121,1,1
121_3,121,1,0
121_4,121,0,0
123_1,123,0,1
123_2,123,1,1
124_1,124,1,1
124_2,124,0,1
125_1,125,1,1
125_2,125,0,1
125_3,125,0,0
125_4,125,1,0
126_1,126,0,1
126_2,126,1,1
128_1,128,0,1
128_2,128,1,1
129_1,129,1,1
129_2,129,0,1
129_3,129,1,0
129_4,129,0,0
129_5,129,0,0
129_6,129,1,0
131_1,131,1,1
131_2,131,0,1
131_3,131,0,0
131_4,131,1,0
131_5,131,1,0
135_2,135,1,1
135_3,135,0,1
136_1,136,1,1
136_2,136,0,1
138_1,138,1,1
138_2,138,0,1
139_1,139,1,1
139_2,139,0,1
140_1,140,1,1
140_2,140,0,1
141_1,141,0,1
141_2,141,0,0
141_3,141,1,1
141_4,141,1,0
144_1,144,1,1
144_2,144,0,1
146_1,146,1,0
146_2,146,1,1
146_5,146,1,0
146_6,146,0,0
146_7,146,0,1
150_1,150,1,1
150_2,150,0,1
160_2,160,0,1
160_3,160,0,0
160_5,160,1,1
161_1,161,0,1
161_2,161,1,1
161_3,161,1,0
162_1,162,0,1
162_2,162,1,1
164_2,164,1,1
164_3,164,0,1
165_1,165,0,1
165_2,165,1,1
166_1,166,1,1
166_2,166,0,1
166_3,166,0,0
166_4,166,1,0
166_5,166,1,0
166_6,166,0,0
168_1,168,0,1
168_2,168,1,1
170_1,170,0,1
170_2,170,1,1
171_1,171,1,1
171_2,171,0,1
171_3,171,1,0
171_4,171,0,0
172_1,172,1,1
172_11,172,0,1
174_1,174,1,1
174_2,174,0,1
175_1,175,0,1
175_2,175,1,1
176_1,176,1,1
176_11,176,0,1
177_1,177,1,1
177_2,177,0,1
179_1,179,0,1
179_2,179,1,1
179_3,179,1,0
180_1,180,0,1
180_2,180,1,1
183_1,183,0,1
183_2,183,1,1
185_1,185,1,1
185_2,185,0,1
185_3,185,1,0
186_1,186,0,1
186_2,186,1,1
186_3,186,1,0
187_1,187,1,1
187_2,187,0,1
187_3,187,0,0
187_4,187,1,0
188_1,188,0,1
188_2,188,1,1
188_3,188,0,0
188_4,188,1,0
189_1,189,0,1
189_2,189,1,1
189_3,189,1,0
189_4,189,0,0
190_1,190,1,1
190_4,190,0,1
192_1,192,1,1
192_2,192,0,1
192_3,192,1,0
193_1,193,0,1
193_2,193,1,1
195_4,195,0,1
195_5,195,1,1
195_6,195,1,0
196_1,196,1,1
196_2,196,0,1
196_3,196,1,0
196_4,196,1,0
197_1,197,1,1
197_2,197,0,1
197_3,197,0,0
197_4,197,1,0
198_1,198,1,1
198_14,198,0,1
198_15,198,1,0
198_16,198,0,0
200_1,200,0,1
200_2,200,1,1
201_1,201,0,1
201_2,201,1,0
201_3,201,1,1
201_4,201,0,0
202_1,202,0,1
202_2,202,1,1
202_3,202,0,0
203_1,203,1,1
203_2,203,0,1
204_1,204,0,1
204_2,204,1,1
205_1,205,0,1
205_2,205,1,1
206_1,206,1,1
206_2,206,0,1
207_1,207,1,1
207_2,207,0,1
208_1,208,0,1
208_2,208,1,1
209_1,209,0,1
209_2,209,1,1
211_1,211,1,1
211_3,211,0,1
212_3,212,0,1
213_1,213,1,1
213_2,213,0,1
213_3,213,0,0
213_4,213,1,0
215_1,215,0,1
215_3,215,1,1
216_1,216,0,1
216_2,216,1,1
217_2,217,1,0
217_4,217,0,1
217_10,217,1,1
218_1,218,0,1
218_2,218,1,1
219_1,219,1,1
219_3,219,0,1
220_1,220,1,1
220_2,220,0,1
225_4,225,0,1
225_7,225,1,1
350_1,350,1,1
350_2,350,0,1
353_1,353,0,1
353_3,353,1,1
354_1,354,1,1
354_2,354,0,1
355_1,355,0,1
355_2,355,1,1
356_1,356,0,1
356_2,356,1,1
357_1,357,0,1
357_2,357,1,1
358_1,358,0,1
358_2,358,1,1
359_4,359,1,1
359_5,359,0,1
360_1,360,0,1
360_2,360,1,1
361_4,361,1,1
361_5,361,0,1
361_6,361,1,0
362_1,362,1,1
362_2,362,0,1
363_1,363,0,1
363_2,363,1,1
364_1,364,1,1
364_2,364,0,1
365_1,365,0,1
365_2,365,1,1
368_1,368,1,1
368_3,368,0,1
369_1,369,1,1
369_2,369,0,1
370_1,370,1,1
370_2,370,0,1
371_1,371,1,1
371_2,371,0,1
372_2,372,1,1
372_3,372,0,0
372_4,372,0,1
376_1,376,0,1
376_2,376,1,1
378_2,378,0,1
378_3,378,1,1
380_4,380,1,1
380_5,380,0,1
380_6,380,0,0
382_1,382,0,1
382_2,382,1,1
401_1,401,1,0
401_2,401,0,1
401_3,401,1,1
401_4,401,0,0
405_2,405,1,1
405_3,405,0,1
407_1,407,0,1
407_2,407,1,1
407_3,407,0,0
409_1,409,1,1
409_2,409,0,1
409_3,409,0,0
409_4,409,1,0
410_1,410,1,1
410_2,410,0,1
411_1,411,0,1
411_2,411,1,1
411_3,411,1,0
419_1,419,0,1
419_2,419,1,1
420_1,420,0,1
420_2,420,1,1
425_1,425,1,1
425_4,425,0,1
428_1,428,0,1
428_14,428,1,1
430_1,430,0,1
430_2,430,1,1
432_2,432,1,0
432_3,432,0,0
432_7,432,1,0
432_8,432,1,1
432_9,432,0,1
439_1,439,0,0
439_2,439,1,0
439_3,439,1,1
439_4,439,0,1
439_5,439,1,0
439_6,439,0,0
440_1,440,1,1
440_3,440,1,0
440_4,440,0,0
440_5,440,0,1
444_1,444,0,1
444_2,444,1,1
445_15,445,0,1
445_16,445,1,1
448_1,448,0,0
448_2,448,1,1
448_3,448,0,1
448_4,448,1,0
449_2,449,0,1
449_3,449,1,1
460_1,460,1,1
460_2,460,1,0
460_3,460,1,0
460_4,460,0,1
460_5,460,1,0
460_6,460,0,0
460_7,460,0,0
465_1,465,0,1
465_23,465,1,1
467_1,467,0,1
467_2,467,1,1
468_1,468,0,1
468_2,468,1,1
468_8,468,1,0
469_1,469,0,1
469_2,469,1,1
470_1,470,0,1
470_2,470,0,0
470_3,470,1,1
470_4,470,1,0
470_5,470,1,0
470_6,470,0,0
475_1,475,1,1
475_2,475,0,1
480_1,480,1,1
480_2,480,0,1
480_3,480,0,0
485_1,485,1,1
485_2,485,1,0
485_3,485,0,1
485_4,485,0,0
486_1,486,0,1
486_2,486,1,1
487_1,487,1,1
487_2,487,0,1
487_4,487,0,0
487_5,487,1,0
491_1,491,1,1
491_2,491,0,1
496_1,496,0,1
496_2,496,1,1
711_1,711,0,1
711_70,711,1,1
747_3,747,1,0
747_4,747,0,0
747_6,747,0,1
747_7,747,1,1
767_1,767,1,1
767_2,767,0,1
769_1,769,0,1
769_19,769,1,1
777_1,777,0,0
777_2,777,1,0
777_5,777,1,1
777_6,777,0,1
811_1,811,0,1
812_1,812,1,1
812_2,812,0,1
814_1,814,0,1
822_1,822,0,1
872_1,872,0,1
872_7,872,1,1
968_1,968,1,1
968_28,968,0,1
